Site	Plot	Microbial bag	Chemistry bag	Test bag	Bag angle	Bag distance (m)	Date placed	Time placed	Data logger angle	Data logger distance (m)	Probe angle	Probe distance (m)	Site latitude degrees (N)	Site latitude minutes (N)	Site longitude degrees (W)	Site longitude minutes (W)	Site elevation (ft)	Notes
3	1	1	2		347	5	5/29/19	14:30	50	0.8	345	1.6	44	15.852	86	10.674	806	
3	2	3	4		48	13.9	5/29/19	14:30	50	0.8	345	1.6	44	15.852	86	10.674	806	
3	3	5	6		121	13.1	5/29/19	14:30	50	0.8	345	1.6	44	15.852	86	10.674	806	
3	4	7	8		190	10.8	5/29/19	14:30	50	0.8	345	1.6	44	15.852	86	10.674	806	
3	5	9	10		250	17.9	5/29/19	14:30	50	0.8	345	1.6	44	15.852	86	10.674	806	
3	6	11	12		290	14	5/29/19	14:30	50	0.8	345	1.6	44	15.852	86	10.674	806	
3	73			145	300	2.95	5/29/19	14:30	50	0.8	345	1.6	44	15.852	86	10.674	806	
3	73			146	300	2.95	5/29/19	14:30	50	0.8	345	1.6	44	15.852	86	10.674	806	
3	73			147	300	2.95	5/29/19	14:30	50	0.8	345	1.6	44	15.852	86	10.674	806	
3	73			148	300	2.95	5/29/19	14:30	50	0.8	345	1.6	44	15.852	86	10.674	806	
3	73			149	300	2.95	5/29/19	14:30	50	0.8	345	1.6	44	15.852	86	10.674	806	
6	7	13	14		4	2.8	5/30/19	12:15	205	1.65	275	0.8	44	13.168	85	40.115	1545	Data logger is between center and 55
6	8	15	16		55	11.9	5/30/19	12:15	205	1.65	275	0.8	44	13.168	85	40.115	1545	
6	9	17	18		115	6.6	5/30/19	12:15	205	1.65	275	0.8	44	13.168	85	40.115	1545	
6	10	19	20		172	11.6	5/30/19	12:15	205	1.65	275	0.8	44	13.168	85	40.115	1545	
6	11	21	22		228	14.75	5/30/19	12:15	205	1.65	275	0.8	44	13.168	85	40.115	1545	
6	12	23	24		298	12.9	5/30/19	12:15	205	1.65	275	0.8	44	13.168	85	40.115	1545	
7	13	25	26		349	7.9	5/30/19	13:40	245	0.6	295	1.4	44	11.567	85	40.633	1361	
7	14	27	28		54	18.9	5/30/19	13:40	245	0.6	295	1.4	44	11.567	85	40.633	1361	
7	15	29	30		118	9	5/30/19	13:40	245	0.6	295	1.4	44	11.567	85	40.633	1361	
7	16	31	32		182	12	5/30/19	13:40	245	0.6	295	1.4	44	11.567	85	40.633	1361	
7	17	33	34		239	17.9	5/30/19	13:40	245	0.6	295	1.4	44	11.567	85	40.633	1361	
7	18	35	36		297	7	5/30/19	13:40	245	0.6	295	1.4	44	11.567	85	40.633	1361	Bag far from flag; easy to hit by accident
9	19	37	38		358	5.95	5/30/19	16:15	120	0.4	130	1.5	44	19.229	85	58.625	1027	
9	20	39	40		44	11.9	5/30/19	16:15	120	0.4	130	1.5	44	19.229	85	58.625	1027	
9	21	41	42		112	8	5/30/19	16:15	120	0.4	130	1.5	44	19.229	85	58.625	1027	
9	22	43	44		177	13.95	5/30/19	16:15	120	0.4	130	1.5	44	19.229	85	58.625	1027	
9	23	45	46		248	5.9	5/30/19	16:15	120	0.4	130	1.5	44	19.229	85	58.625	1027	
9	24	47	48		296	12.9	5/30/19	16:15	120	0.4	130	1.5	44	19.229	85	58.625	1027	
20	25	49	50		4	6	5/29/19	16:00	200	0.4	200	1.9	44	11.689	86	5.492	1005	
20	26	51	52		56	13.6	5/29/19	16:00	200	0.4	200	1.9	44	11.689	86	5.492	1005	
20	27	53	54		117	12.35	5/29/19	16:00	200	0.4	200	1.9	44	11.689	86	5.492	1005	
20	28	55	56		185	17.9	5/29/19	16:00	200	0.4	200	1.9	44	11.689	86	5.492	1005	
20	29	57	58		238	17	5/29/19	16:00	200	0.4	200	1.9	44	11.689	86	5.492	1005	
20	30	59	60		285	2.9	5/29/19	16:00	200	0.4	200	1.9	44	11.689	86	5.492	1005	
22	31	61	62		347	13.15	5/31/19	10:30	210	0.5	194	1.95	44	22.256	85	42.426	1617	Bags behind flag
22	32	63	64		44	6.7	5/31/19	10:30	210	0.5	194	1.95	44	22.256	85	42.426	1617	
22	33	65	66		99	8.95	5/31/19	10:30	210	0.5	194	1.95	44	22.256	85	42.426	1617	
22	34	67	68		165	12	5/31/19	10:30	210	0.5	194	1.95	44	22.256	85	42.426	1617	
22	35	69	70		235	9.9	5/31/19	10:30	210	0.5	194	1.95	44	22.256	85	42.426	1617	
22	36	71	72		293	7.9	5/31/19	10:30	210	0.5	194	1.95	44	22.256	85	42.426	1617	
24	37	73	74		352	6	5/30/19	15:00	300	0.6	345	1.9	44	13.35	85	45.209	1202	
24	38	75	76		57	6	5/30/19	15:00	300	0.6	345	1.9	44	13.35	85	45.209	1202	
24	39	77	78		136	7.1	5/30/19	15:00	300	0.6	345	1.9	44	13.35	85	45.209	1202	
24	40	79	80		177	12.75	5/30/19	15:00	300	0.6	345	1.9	44	13.35	85	45.209	1202	
24	41	81	82		246	3.95	5/30/19	15:00	300	0.6	345	1.9	44	13.35	85	45.209	1202	
24	42	83	84		302	4.85	5/30/19	15:00	300	0.6	345	1.9	44	13.35	85	45.209	1202	
24	74			150	350	4	5/30/19	15:00	300	0.6	345	1.9	44	13.35	85	45.209	1202	
24	74			151	350	4	5/30/19	15:00	300	0.6	345	1.9	44	13.35	85	45.209	1202	
24	74			152	350	4	5/30/19	15:00	300	0.6	345	1.9	44	13.35	85	45.209	1202	
24	74			153	350	4	5/30/19	15:00	300	0.6	345	1.9	44	13.35	85	45.209	1202	
24	74			154	350	4	5/30/19	15:00	300	0.6	345	1.9	44	13.35	85	45.209	1202	
31	43	85	86		5	7	5/30/19	9:00	20	0.9	10	2	44	16.316	85	59.552	941	
31	44	87	88		55	14	5/30/19	9:00	20	0.9	10	2	44	16.316	85	59.552	941	
31	45	89	90		108	7.85	5/30/19	9:00	20	0.9	10	2	44	16.316	85	59.552	941	
31	46	91	92		170	11.75	5/30/19	9:00	20	0.9	10	2	44	16.316	85	59.552	941	
31	47	93	94		237	11	5/30/19	9:00	20	0.9	10	2	44	16.316	85	59.552	941	
31	48	95	96		304	14	5/30/19	9:00	20	0.9	10	2	44	16.316	85	59.552	941	
41	49	97	98		350	5.8	5/31/19	12:30	70	0.4	25	1.7	44	20.804	85	28.909	1644	
41	50	99	100		48	8.9	5/31/19	12:30	70	0.4	25	1.7	44	20.804	85	28.909	1644	
41	51	101	102		106	11.85	5/31/19	12:30	70	0.4	25	1.7	44	20.804	85	28.909	1644	
41	52	103	104		177	15.8	5/31/19	12:30	70	0.4	25	1.7	44	20.804	85	28.909	1644	
41	53	105	106		231	15.8	5/31/19	12:30	70	0.4	25	1.7	44	20.804	85	28.909	1644	
41	54	107	108		290	11.7	5/31/19	12:30	70	0.4	25	1.7	44	20.804	85	28.909	1644	
50	55	109	110		356	5.1	5/29/19	13:00	102	0.5	200	1.3	44	15.396	86	5.021	828	
50	56	111	112		56	11.9	5/29/19	13:00	102	0.5	200	1.3	44	15.396	86	5.021	828	
50	57	113	114		90	10.9	5/29/19	13:00	102	0.5	200	1.3	44	15.396	86	5.021	828	
50	58	115	116		182	16.1	5/29/19	13:00	102	0.5	200	1.3	44	15.396	86	5.021	828	
50	59	117	118		244	6.15	5/29/19	13:00	102	0.5	200	1.3	44	15.396	86	5.021	828	
50	60	119	120		304	11.8	5/29/19	13:00	102	0.5	200	1.3	44	15.396	86	5.021	828	
58	61	121	122		346	17	5/30/19	10:15	180	0.9	130	2	44	18.606	85	53.795	1204	
58	62	123	124		46	5	5/30/19	10:15	180	0.9	130	2	44	18.606	85	53.795	1204	Bags face south (roughly)
58	63	125	126		115	8	5/30/19	10:15	180	0.9	130	2	44	18.606	85	53.795	1204	
58	64	127	128		180	8.9	5/30/19	10:15	180	0.9	130	2	44	18.606	85	53.795	1204	
58	65	129	130		240	6.8	5/30/19	10:15	180	0.9	130	2	44	18.606	85	53.795	1204	
58	66	131	132		290	13.45	5/30/19	10:15	180	0.9	130	2	44	18.606	85	53.795	1204	
100	67	133	134		347	9.75	5/31/19	13:15	300	0.5	60	0.8	44	20.813	85	29.045	1667	
100	68	135	136		50	13	5/31/19	13:15	300	0.5	60	0.8	44	20.813	85	29.045	1667	
100	69	137	138		107	4.9	5/31/19	13:15	300	0.5	60	0.8	44	20.813	85	29.045	1667	
100	70	139	140		162	12.9	5/31/19	13:15	300	0.5	60	0.8	44	20.813	85	29.045	1667	
100	71	141	142		231	14.95	5/31/19	13:15	300	0.5	60	0.8	44	20.813	85	29.045	1667	
100	72	143	144		298	16.7	5/31/19	13:15	300	0.5	60	0.8	44	20.813	85	29.045	1667	