STAND	PLOT	REPLIC	VWC	TEMP	DATE	TIME	NOTES
50	55	1	5.1	16.6	2019-08-03	9:05	
50	55	2	4.6	16.5	2019-08-03	9:05	
50	55	3	5.6	16.4	2019-08-03	9:05	
50	55	4	5.1	16.5	2019-08-03	9:05	
50	55	5	5.6	16.5	2019-08-03	9:05	
50	55	6	5.6	16.6	2019-08-03	9:05	
50	56	1	12	16.9	2019-08-03	9:10	
50	56	2	9	16.9	2019-08-03	9:10	
50	56	3	9.5	16.7	2019-08-03	9:10	
50	56	4	5.6	16.4	2019-08-03	9:10	
50	56	5	4.6	16.6	2019-08-03	9:10	
50	56	6	6.1	17	2019-08-03	9:10	
50	57	1	10	16.7	2019-08-03	9:15	
50	57	2	7.1	16.8	2019-08-03	9:15	
50	57	3	5.1	16.7	2019-08-03	9:15	
50	57	4	4.6	16.9	2019-08-03	9:15	
50	57	5	7.6	17.2	2019-08-03	9:15	
50	57	6	8.1	17	2019-08-03	9:15	
50	58	1	7.1	16.8	2019-08-03	9:20	
50	58	2	9	16.7	2019-08-03	9:20	
50	58	3	8.5	16.7	2019-08-03	9:20	
50	58	4	5.1	16.6	2019-08-03	9:20	
50	58	5	7.1	17.1	2019-08-03	9:20	
50	58	6	5.6	17.2	2019-08-03	9:20	
50	59	1	5.6	16.6	2019-08-03	9:25	
50	59	2	4.6	16.9	2019-08-03	9:25	
50	59	3	6.6	16.6	2019-08-03	9:25	
50	59	4	8.5	16.5	2019-08-03	9:25	
50	59	5	8.1	16.8	2019-08-03	9:25	
50	59	6	8.5	16.6	2019-08-03	9:25	
50	60	1	5.6	17.1	2019-08-03	9:30	
50	60	2	6.1	16.9	2019-08-03	9:30	
50	60	3	5.6	17.4	2019-08-03	9:30	
50	60	4	3.6	17	2019-08-03	9:30	
50	60	5	6.6	17	2019-08-03	9:30	
50	60	6	4.6	16.9	2019-08-03	9:30	
3	1	1	7.6	17.1	2019-08-03	10:28	
3	1	2	7.1	17.2	2019-08-03	10:28	
3	1	3	7.6	17.2	2019-08-03	10:28	
3	1	4	5.1	17.2	2019-08-03	10:28	
3	1	5	4.6	17	2019-08-03	10:28	
3	1	6	6.6	17.1	2019-08-03	10:28	
3	2	1	3.6	17.1	2019-08-03	10:33	
3	2	2	5.1	17.4	2019-08-03	10:33	
3	2	3	11	17.5	2019-08-03	10:33	
3	2	4	5.6	17.3	2019-08-03	10:33	
3	2	5	10	17.3	2019-08-03	10:33	
3	2	6	7.6	17.2	2019-08-03	10:33	
3	3	1	7.6	17.1	2019-08-03	10:38	
3	3	2	6.1	17	2019-08-03	10:38	
3	3	3	7.6	17	2019-08-03	10:38	
3	3	4	8.1	17	2019-08-03	10:38	
3	3	5	10.5	17.1	2019-08-03	10:38	
3	3	6	6.1	17.2	2019-08-03	10:38	
3	4	1	4.6	17	2019-08-03	10:43	
3	4	2	7.6	16.9	2019-08-03	10:43	
3	4	3	8.5	16.8	2019-08-03	10:43	
3	4	4	8.1	16.8	2019-08-03	10:43	
3	4	5	7.6	16.9	2019-08-03	10:43	
3	4	6	7.6	17.1	2019-08-03	10:43	
3	5	1	8.1	16.9	2019-08-03	10:48	
3	5	2	7.6	17	2019-08-03	10:48	
3	5	3	5.6	17	2019-08-03	10:48	
3	5	4	8.1	17	2019-08-03	10:48	
3	5	5	6.6	16.8	2019-08-03	10:48	
3	5	6	9.5	16.9	2019-08-03	10:48	
3	6	1	7.1	17.6	2019-08-03	10:53	
3	6	2	6.1	17.2	2019-08-03	10:53	
3	6	3	6.1	17.1	2019-08-03	10:53	
3	6	4	7.6	17.1	2019-08-03	10:53	
3	6	5	8.1	17.5	2019-08-03	10:53	
3	6	6	5.1	17.3	2019-08-03	10:53	
20	25	1	7.6	17.3	2019-08-03	12:07	
20	25	2	6.6	17.4	2019-08-03	12:07	
20	25	3	4.6	17.7	2019-08-03	12:07	
20	25	4	8.5	17.4	2019-08-03	12:07	
20	25	5	6.6	17.4	2019-08-03	12:07	
20	25	6	6.1	17.8	2019-08-03	12:07	
20	26	1	9.5	18.1	2019-08-03	12:10	
20	26	2	6.6	17.8	2019-08-03	12:10	
20	26	3	6.1	17.5	2019-08-03	12:10	
20	26	4	8.1	18.1	2019-08-03	12:10	
20	26	5	6.1	17.8	2019-08-03	12:10	
20	26	6	6.1	17.9	2019-08-03	12:10	
20	27	1	4.6	19.1	2019-08-03	12:14	
20	27	2	6.6	18.6	2019-08-03	12:14	
20	27	3	5.6	18	2019-08-03	12:14	
20	27	4	6.6	18.2	2019-08-03	12:14	
20	27	5	4.1	18.3	2019-08-03	12:14	
20	27	6	4.6	17.9	2019-08-03	12:14	
20	28	1	6.6	18.2	2019-08-03	12:20	Bags exposed; measurement incorrect
20	28	2	4.6	17.7	2019-08-03	12:20	
20	28	3	8.1	17.7	2019-08-03	12:20	
20	28	4	7.1	17.8	2019-08-03	12:20	
20	28	5	6.1	18	2019-08-03	12:20	
20	28	6	5.6	18.4	2019-08-03	12:20	
20	29	1	7.1	18.1	2019-08-03	12:25	
20	29	2	6.1	17.8	2019-08-03	12:25	
20	29	3	6.6	17.9	2019-08-03	12:25	
20	29	4	4.1	17.8	2019-08-03	12:25	
20	29	5	6.1	18.7	2019-08-03	12:25	
20	29	6	4.6	18.6	2019-08-03	12:25	
20	30	1	6.6	18.3	2019-08-03	12:30	
20	30	2	6.6	18	2019-08-03	12:30	
20	30	3	6.6	18.5	2019-08-03	12:30	
20	30	4	6.1	18.3	2019-08-03	12:30	
20	30	5	5.1	18.3	2019-08-03	12:30	
20	30	6	5.1	18.2	2019-08-03	12:30	
31	43	1	11	17.5	2019-08-03	13:47	
31	43	2	6.6	17.4	2019-08-03	13:47	
31	43	3	8.1	17.3	2019-08-03	13:47	
31	43	4	12.5	17.7	2019-08-03	13:47	
31	43	5	9.5	17.7	2019-08-03	13:47	
31	43	6	4.6	18	2019-08-03	13:47	
31	44	1	7.6	17.8	2019-08-03	13:51	
31	44	2	6.6	17.6	2019-08-03	13:51	
31	44	3	7.1	17.9	2019-08-03	13:51	
31	44	4	7.6	17.7	2019-08-03	13:51	
31	44	5	6.1	18	2019-08-03	13:51	
31	44	6	7.6	17.9	2019-08-03	13:51	
31	45	1	6.1	17.5	2019-08-03	13:56	
31	45	2	4.6	18	2019-08-03	13:56	
31	45	3	8.5	17.5	2019-08-03	13:56	
31	45	4	8.1	17.7	2019-08-03	13:56	
31	45	5	6.6	17.8	2019-08-03	13:56	
31	45	6	5.6	17.6	2019-08-03	13:56	
31	46	1	11	17.7	2019-08-03	14:01	
31	46	2	12.5	17.4	2019-08-03	14:01	
31	46	3	7.1	17.7	2019-08-03	14:01	
31	46	4	10.5	17.7	2019-08-03	14:01	
31	46	5	5.6	18.2	2019-08-03	14:01	
31	46	6	11.5	17.4	2019-08-03	14:01	
31	47	1	5.6	18	2019-08-03	14:06	
31	47	2	8.5	17.9	2019-08-03	14:06	
31	47	3	4.1	18.6	2019-08-03	14:06	
31	47	4	8.5	18.1	2019-08-03	14:06	
31	47	5	5.6	17.7	2019-08-03	14:06	
31	47	6	5.1	17.6	2019-08-03	14:06	
31	48	1	5.1	18	2019-08-03	14:11	
31	48	2	6.6	18.3	2019-08-03	14:11	
31	48	3	6.1	18.1	2019-08-03	14:11	
31	48	4	4.1	18.4	2019-08-03	14:11	
31	48	5	5.1	18.2	2019-08-03	14:11	
31	48	6	4.6	18.3	2019-08-03	14:11	
7	13	1	5.1	17.1	2019-08-04	10:30	
7	13	2	4.6	17	2019-08-04	10:30	
7	13	3	4.1	17.2	2019-08-04	10:30	
7	13	4	4.6	17.1	2019-08-04	10:30	
7	13	5	6.1	17.1	2019-08-04	10:30	
7	13	6	9.5	16.6	2019-08-04	10:30	
7	14	1	4.1	16.8	2019-08-04	10:33	
7	14	2	4.1	17	2019-08-04	10:33	
7	14	3	4.6	16.9	2019-08-04	10:33	
7	14	4	5.6	16.7	2019-08-04	10:33	
7	14	5	12	16.5	2019-08-04	10:33	
7	14	6	5.1	16.7	2019-08-04	10:33	
7	15	1	6.1	16.9	2019-08-04	10:38	
7	15	2	9	16.5	2019-08-04	10:38	
7	15	3	7.1	16.6	2019-08-04	10:38	
7	15	4	8.1	16.7	2019-08-04	10:38	
7	15	5	7.6	16.7	2019-08-04	10:38	
7	15	6	5.1	16.7	2019-08-04	10:38	
7	16	1	6.1	16.7	2019-08-04	10:43	
7	16	2	6.1	16.5	2019-08-04	10:43	
7	16	3	5.6	16.5	2019-08-04	10:43	
7	16	4	8.5	16.5	2019-08-04	10:43	
7	16	5	3.6	16.6	2019-08-04	10:43	
7	16	6	5.1	16.7	2019-08-04	10:43	
7	17	1	4.6	17	2019-08-04	10:49	
7	17	2	3.6	16.5	2019-08-04	10:49	
7	17	3	6.1	16.5	2019-08-04	10:49	
7	17	4	5.1	16.7	2019-08-04	10:49	
7	17	5	6.5	16.9	2019-08-04	10:49	
7	17	6	6.1	16.9	2019-08-04	10:49	
7	18	1	6.6	17	2019-08-04	10:55	
7	18	2	4.1	16.9	2019-08-04	10:55	
7	18	3	7.6	16.8	2019-08-04	10:55	
7	18	4	6.1	17	2019-08-04	10:55	
7	18	5	6.6	16.9	2019-08-04	10:55	
7	18	6	4.6	17	2019-08-04	10:55	
6	7	1	16.4	18.1	2019-08-03	16:16	
6	7	2	19.8	18.4	2019-08-03	16:16	
6	7	3	20.8	18.5	2019-08-03	16:16	
6	7	4	17.9	18.3	2019-08-03	16:16	
6	7	5	16.4	18	2019-08-03	16:16	
6	7	6	14.4	18.9	2019-08-03	16:16	
6	8	1	16.9	17.2	2019-08-04	8:24	Found; flag top missing
6	8	2	13.9	17.2	2019-08-04	8:24	
6	8	3	20.3	17.3	2019-08-04	8:24	
6	8	4	20.8	17.3	2019-08-04	8:24	
6	8	5	28.2	17.3	2019-08-04	8:24	
6	8	6	22.8	17.1	2019-08-04	8:24	
6	9	1	15.4	18.7	2019-08-03	16:25	Found; flags not oriented correctly now
6	9	2	12.5	28.9	2019-08-03	16:25	
6	9	3	16.4	18.6	2019-08-03	16:25	
6	9	4	18.4	18.1	2019-08-03	16:25	
6	9	5	19.8	18.7	2019-08-03	16:25	
6	9	6	21.3	18.4	2019-08-03	16:25	
6	10	1	13.5	18.1	2019-08-03	16:30	
6	10	2	13.9	18.8	2019-08-03	16:30	
6	10	3	12.5	18.5	2019-08-03	16:30	
6	10	4	13.8	18.5	2019-08-03	16:30	
6	10	5	11	18.3	2019-08-03	16:30	
6	10	6	9	18.6	2019-08-03	16:30	
6	11	1	9.5	17.4	2019-08-04	8:27	
6	11	2	11.5	17.5	2019-08-04	8:27	
6	11	3	14.4	17.5	2019-08-04	8:27	
6	11	4	13.9	17.5	2019-08-04	8:27	
6	11	5	14.4	17.4	2019-08-04	8:27	
6	11	6	13.5	17.4	2019-08-04	8:27	
6	12	1	22.8	17.3	2019-08-04	8:31	
6	12	2	20.3	17.3	2019-08-04	8:31	
6	12	3	20.2	17.3	2019-08-04	8:31	
6	12	4	30.6	17.4	2019-08-04	8:31	
6	12	5	23.3	17.4	2019-08-04	8:31	
6	12	6	23.8	17.5	2019-08-04	8:31	
24	37	1	9	16.7	2019-08-04	9:13	
24	37	2	12	16.7	2019-08-04	9:13	
24	37	3	9	16.7	2019-08-04	9:13	
24	37	4	9	16.7	2019-08-04	9:13	
24	37	5	8.1	16.8	2019-08-04	9:13	
24	37	6	12	16.8	2019-08-04	9:13	
24	38	1	15.9	16.9	2019-08-04	9:17	
24	38	2	12	16.9	2019-08-04	9:17	
24	38	3	12	16.9	2019-08-04	9:17	
24	38	4	13.5	16.9	2019-08-04	9:17	
24	38	5	15.9	16.9	2019-08-04	9:17	
24	38	6	18.9	16.9	2019-08-04	9:17	
24	39	1	19.8	17.1	2019-08-04	9:20	
24	39	2	18.9	17.2	2019-08-04	9:20	
24	39	3	15.9	17.2	2019-08-04	9:20	
24	39	4	19.3	17.1	2019-08-04	9:20	
24	39	5	11	17.1	2019-08-04	9:20	
24	39	6	16.4	17.1	2019-08-04	9:20	
24	40	1	19.3	17.3	2019-08-04	9:24	
24	40	2	18.4	17.3	2019-08-04	9:24	
24	40	3	23.3	17.3	2019-08-04	9:24	
24	40	4	22.3	17.3	2019-08-04	9:24	
24	40	5	18.4	17.3	2019-08-04	9:24	
24	40	6	19.8	17.4	2019-08-04	9:24	
24	41	1	10	17.3	2019-08-04	9:28	
24	41	2	10.5	17.1	2019-08-04	9:28	
24	41	3	12.5	17	2019-08-04	9:28	
24	41	4	11.5	17.1	2019-08-04	9:28	
24	41	5	10.5	17.1	2019-08-04	9:28	
24	41	6	13	17	2019-08-04	9:28	
24	42	1	9	17.1	2019-08-04	9:32	
24	42	2	16.4	17.1	2019-08-04	9:32	
24	42	3	13	16.9	2019-08-04	9:32	
24	42	4	14.4	16.9	2019-08-04	9:32	
24	42	5	12	17.1	2019-08-04	9:32	
24	42	6	13.5	17	2019-08-04	9:32	
22	31	1	8.1	16.1	2019-08-05	9:00	
22	31	2	7.6	16.1	2019-08-05	9:00	
22	31	3	7.6	16.3	2019-08-05	9:00	
22	31	4	9.5	16.3	2019-08-05	9:00	
22	31	5	9.5	16.1	2019-08-05	9:00	
22	31	6	8.1	16.1	2019-08-05	9:00	
22	32	1	13	15.9	2019-08-05	9:04	
22	32	2	9.5	15.8	2019-08-05	9:04	
22	32	3	9	15.8	2019-08-05	9:04	
22	32	4	11	15.8	2019-08-05	9:04	
22	32	5	12	15.8	2019-08-05	9:04	
22	32	6	11.5	15.9	2019-08-05	9:04	
22	33	1	10.5	16	2019-08-05	9:07	
22	33	2	7.1	16.1	2019-08-05	9:07	
22	33	3	9.5	16.2	2019-08-05	9:07	
22	33	4	9	16	2019-08-05	9:07	
22	33	5	9	15.9	2019-08-05	9:07	
22	33	6	9.5	15.9	2019-08-05	9:07	
22	34	1	5.6	15.7	2019-08-05	9:11	
22	34	2	6.6	15.6	2019-08-05	9:11	
22	34	3	9.5	15.7	2019-08-05	9:11	
22	34	4	7.1	15.7	2019-08-05	9:11	
22	34	5	4.6	15.8	2019-08-05	9:11	
22	34	6	6.1	15.8	2019-08-05	9:11	
22	35	1	8.5	15.7	2019-08-05	9:15	
22	35	2	9.5	15.6	2019-08-05	9:15	
22	35	3	6.1	15.9	2019-08-05	9:15	
22	35	4	8.5	15.8	2019-08-05	9:15	
22	35	5	7.1	15.7	2019-08-05	9:15	
22	35	6	9	15.6	2019-08-05	9:15	
22	36	1	9.6	16.2	2019-08-05	8:55	
22	36	2	8.5	16.1	2019-08-05	8:55	
22	36	3	11.5	16.1	2019-08-05	8:55	
22	36	4	9	16.1	2019-08-05	8:55	
22	36	5	10.5	16	2019-08-05	8:55	
22	36	6	12.5	16.1	2019-08-05	8:55	
41	49	1	7.1	17.6	2019-08-04	15:00	
41	49	2	7.6	17.1	2019-08-04	15:00	
41	49	3	7.5	17.3	2019-08-04	15:00	
41	49	4	7.1	17.5	2019-08-04	15:00	
41	49	5	7.1	17.6	2019-08-04	15:00	
41	49	6	8.1	17.6	2019-08-04	15:00	
41	50	1	3.1	18	2019-08-04	15:05	
41	50	2	7.1	17.9	2019-08-04	15:05	
41	50	3	4.4	17.2	2019-08-04	15:05	
41	50	4	5.1	17.8	2019-08-04	15:05	
41	50	5	4.6	17.9	2019-08-04	15:05	
41	50	6	6.1	18.2	2019-08-04	15:05	
41	51	1	3.6	18.1	2019-08-04	15:08	
41	51	2	6.1	17.7	2019-08-04	15:08	
41	51	3	4.6	17.8	2019-08-04	15:08	
41	51	4	5.1	17.5	2019-08-04	15:08	
41	51	5	5.1	17.6	2019-08-04	15:08	
41	51	6	4.6	17.7	2019-08-04	15:08	
41	52	1	5.6	17.7	2019-08-04	15:12	
41	52	2	4.1	17.8	2019-08-04	15:12	
41	52	3	7.6	17.1	2019-08-04	15:12	
41	52	4	9	16.9	2019-08-04	15:12	
41	52	5	7.6	17.3	2019-08-04	15:12	
41	52	6	5.6	17	2019-08-04	15:12	
41	53	1	5.1	17.9	2019-08-04	15:15	
41	53	2	9	17.4	2019-08-04	15:15	
41	53	3	11	17.5	2019-08-04	15:15	
41	53	4	10.5	17.4	2019-08-04	15:15	
41	53	5	11.5	17.6	2019-08-04	15:15	
41	53	6	8.1	17.7	2019-08-04	15:15	
41	54	1	10	18	2019-08-04	15:19	
41	54	2	9.5	17.7	2019-08-04	15:19	
41	54	3	6.6	18.3	2019-08-04	15:19	
41	54	4	7.1	18.7	2019-08-04	15:19	
41	54	5	9.5	19.2	2019-08-04	15:19	
41	54	6	7.6	18	2019-08-04	15:19	
100	67	1	5.6	18	2019-08-04	15:48	
100	67	2	5.6	17.5	2019-08-04	15:48	
100	67	3	4.6	17.6	2019-08-04	15:48	
100	67	4	9.5	17.8	2019-08-04	15:48	
100	67	5	6.1	17.6	2019-08-04	15:48	
100	67	6	5.6	17.6	2019-08-04	15:48	
100	68	1	10.5	17.6	2019-08-04	15:54	Bags exposed; re-buried and extra pins added
100	68	2	10.5	18	2019-08-04	15:54	
100	68	3	13.5	18	2019-08-04	15:54	
100	68	4	8.5	17.8	2019-08-04	15:54	
100	68	5	8.1	17.8	2019-08-04	15:54	
100	68	6	8.1	17.7	2019-08-04	15:54	
100	69	1	9.5	17.4	2019-08-04	16:00	Bags exposed; re-buried and extra pins added
100	69	2	8.1	17.7	2019-08-04	16:00	
100	69	3	7.1	17.4	2019-08-04	16:00	
100	69	4	10.5	17.4	2019-08-04	16:00	
100	69	5	8.1	17.2	2019-08-04	16:00	
100	69	6	7.1	17.3	2019-08-04	16:00	
100	70	1	11.5	17.5	2019-08-04	16:05	
100	70	2	10	17.3	2019-08-04	16:05	
100	70	3	9.5	17	2019-08-04	16:05	
100	70	4	10.5	17.1	2019-08-04	16:05	
100	70	5	11.5	17.2	2019-08-04	16:05	
100	70	6	10.5	17.4	2019-08-04	16:05	
100	71	1	9.5	17.9	2019-08-04	16:08	
100	71	2	11	17.6	2019-08-04	16:08	
100	71	3	8.1	17.7	2019-08-04	16:08	
100	71	4	9	17.3	2019-08-04	16:08	
100	71	5	7.6	17.6	2019-08-04	16:08	
100	71	6	11.5	17.5	2019-08-04	16:08	
100	72	1	9.5	18	2019-08-04	16:11	
100	72	2	9	17.4	2019-08-04	16:11	
100	72	3	10.5	17.7	2019-08-04	16:11	
100	72	4	8.5	17.8	2019-08-04	16:11	
100	72	5	12.5	18.4	2019-08-04	16:11	
100	72	6	10.5	18.1	2019-08-04	16:11	
58	61	1	9.5	18.7	2019-08-04	17:41	
58	61	2	4.6	19.2	2019-08-04	17:41	
58	61	3	10.5	18.9	2019-08-04	17:41	
58	61	4	6.6	19	2019-08-04	17:41	
58	61	5	11.5	18.8	2019-08-04	17:41	
58	61	6	7.6	18.7	2019-08-04	17:41	
58	62	1	4.6	20	2019-08-04	17:45	
58	62	2	6.6	19.3	2019-08-04	17:45	
58	62	3	11	19.2	2019-08-04	17:45	
58	62	4	10.5	19.4	2019-08-04	17:45	
58	62	5	5.6	19.4	2019-08-04	17:45	
58	62	6	3.6	19.8	2019-08-04	17:45	
58	63	1	4.1	19.9	2019-08-04	17:49	
58	63	2	7.1	19.7	2019-08-04	17:49	
58	63	3	5.6	19	2019-08-04	17:49	
58	63	4	7.6	19.2	2019-08-04	17:49	
58	63	5	3.6	19.3	2019-08-04	17:49	
58	63	6	3.6	19.6	2019-08-04	17:49	
58	64	1	5.6	19.7	2019-08-04	17:52	
58	64	2	11	19.6	2019-08-04	17:52	
58	64	3	7.1	19.6	2019-08-04	17:52	
58	64	4	8.5	19.5	2019-08-04	17:52	
58	64	5	7.1	19.7	2019-08-04	17:52	
58	64	6	10	19.2	2019-08-04	17:52	
58	65	1	4.1	19.6	2019-08-04	17:56	
58	65	2	5.1	19.5	2019-08-04	17:56	
58	65	3	5.6	20.2	2019-08-04	17:56	
58	65	4	2.7	20.5	2019-08-04	17:56	
58	65	5	5.6	19.5	2019-08-04	17:56	
58	65	6	4.6	19.4	2019-08-04	17:56	
58	66	1	6.6	20.3	2019-08-04	17:59	
58	66	2	9.5	20	2019-08-04	17:59	
58	66	3	7.6	19.4	2019-08-04	17:59	
58	66	4	5.6	19.9	2019-08-04	17:59	
58	66	5	3.1	20	2019-08-04	17:59	
58	66	6	4.1	20.2	2019-08-04	17:59	
9	19	1	7.6	18.1	2019-08-04	18:37	
9	19	2	6.1	18.2	2019-08-04	18:37	
9	19	3	7.6	18.4	2019-08-04	18:37	
9	19	4	7.1	18.6	2019-08-04	18:37	
9	19	5	7.6	18.6	2019-08-04	18:37	
9	19	6	9	18.3	2019-08-04	18:37	
9	20	1	6.6	18.9	2019-08-04	18:40	
9	20	2	7.6	18.8	2019-08-04	18:40	
9	20	3	4.1	18.8	2019-08-04	18:40	
9	20	4	7.1	18.3	2019-08-04	18:40	
9	20	5	6.6	18.9	2019-08-04	18:40	
9	20	6	7.1	18.8	2019-08-04	18:40	
9	21	1	6.1	18.9	2019-08-04	18:43	
9	21	2	5.6	18.8	2019-08-04	18:43	
9	21	3	11	18.8	2019-08-04	18:43	
9	21	4	7.6	18.8	2019-08-04	18:43	
9	21	5	6.1	18.3	2019-08-04	18:43	
9	21	6	6.1	18.4	2019-08-04	18:43	
9	22	1	9	18.4	2019-08-04	18:46	
9	22	2	7.6	18.3	2019-08-04	18:46	
9	22	3	6.1	18.3	2019-08-04	18:46	
9	22	4	7.6	18.8	2019-08-04	18:46	
9	22	5	5.1	18.5	2019-08-04	18:46	
9	22	6	6.1	18.8	2019-08-04	18:46	
9	23	1	5.1	19	2019-08-04	18:49	
9	23	2	5.6	18.5	2019-08-04	18:49	
9	23	3	5.6	18.7	2019-08-04	18:49	
9	23	4	4.6	18.5	2019-08-04	18:49	
9	23	5	5.1	18.8	2019-08-04	18:49	
9	23	6	5.6	18.8	2019-08-04	18:49	
9	24	1	4.6	19.6	2019-08-04	18:52	
9	24	2	4.6	19.6	2019-08-04	18:52	
9	24	3	4.1	19.3	2019-08-04	18:52	
9	24	4	5.6	19.5	2019-08-04	18:52	
9	24	5	4.1	18.9	2019-08-04	18:52	
9	24	6	3.6	19.3	2019-08-04	18:52	