Plot	Stand	Total mass (g)	Mass -80 (g)	Mass enz/biochem (g)	Tin (g)	Fresh + tin (g)	Dry + tin (g)	Moisture content	Time	Date	Notes	
73_A	3	9.277	3.25	5.674	1.097	1.45	1.288	0.458923513	9:00	2020-07-06		
73_B	3	10.054	3.042	6.568	1.164	1.608	1.408	0.45045045	9:30	2020-07-06		
74_A	3	9.292	3.123	5.627	0.973	1.515	1.284	0.426199262	11:20	2020-07-06		
74_B	3	9.455	3.034	5.864	1.176	1.733	1.493	0.430879713	11:50	2020-07-06		
1	3	10.413	3.138	6.62	1.154	1.809	1.521	0.439694656	12:20	2020-07-06		
2	3	8.742	2.9	5.352	0.984	1.474	1.304	0.346938776	13:00	2020-07-06		
3	3	8.568	2.702	5.428	1.082	1.52	1.342	0.406392694	13:30	2020-07-06		
4	3	10.212	3.333	6.426	1.191	1.644	1.451	0.426048565	14:00	2020-07-06		
5	3	10.38	3.144	6.679	1.177	1.734	1.492	0.434470377	14:30	2020-07-06	Hole poked in bag 9	
6	3	8.452	2.66	5.224	1.305	1.873	1.666	0.36443662	14:45	2020-07-06		
55	50	7.889	2.618	4.782	1.185	1.674	1.542	0.26993865	15:10	2020-07-06		
56	50	7.806	2.62	4.658	1.005	1.533	1.365	0.318181818	15:30	2020-07-06		
57	50	8.79	2.837	5.397	1.021	1.577		2.836330935	16:00	2020-07-06	A lot of rhizomorphic mycelium	
58	50	7.607	2.554	4.576	1.082	1.559	1.414	0.303983229	16:30	2020-07-06	A lot of mycelium	
59	50	7.928	2.597	4.867	1.063	1.527	1.395	0.284482759	17:05	2020-07-06		
60	50	7.389	2.388	4.482	1.075	1.594	1.443	0.290944123	17:30	2020-07-06		
25	20	8.449	2.801	5.189	1.172	1.631	1.43	0.437908497	17:50	2020-07-06		
26	20	9.62	3.058	6.064	1.155	1.653	1.411	0.485943775	18:30	2020-07-06		
27	20	9.89	3.013	6.393	0.988	1.472	1.279	0.398760331	8:50	2020-07-07		
28	20	6.748	2.215	4.146	1.16	1.547	1.488	0.15245478	9:20	2020-07-07		
29	20	9.155	3.228	5.419	0.964	1.472	1.281	0.375984252	9:45	2020-07-07	Large new root in bag	
30	20	7.966	2.6	4.873	0.996	1.489	1.342	0.298174442	10:15	2020-07-07		
43	31	9.311	3.26	5.56	1.159	1.65	1.445	0.417515275	10:40	2020-07-07		
44	31	9.408	3.277	5.67	1.107	1.568	1.374	0.420824295	11:10	2020-07-07		
45	31	10.003	3.123	6.323	1.085	1.642	1.379	0.472172352	11:20	2020-07-07		
46	31	11.401	3.472	7.35	1.08	1.659	1.365	0.507772021	11:50	2020-07-07		
47	31	10.804	3.289	6.695	1.104	1.924	1.492	0.526829268	12:10	2020-07-07		
48	31	9.427	2.919	5.951	1.548	2.105	1.909	0.351885099	12:35	2020-07-07		
19	9	9.6	2.921	6.231	1.179	1.627	1.44	0.417410714	13:25	2020-07-07		
20	9	11.899	3.576	7.82	1.155	1.658	1.369	0.574552684	13:50	2020-07-07		
21	9	10.997	3.288	7.192	1.555	2.072	1.801	0.52417795	14:20	2020-07-07		
22	9	11.139	3.304	7.277	1.099	1.657	1.357	0.537634409	14:50	2020-07-07	A lot of mycelium	
23	9	9.801	2.94	6.352	1.041	1.55	1.312	0.467583497	15:20	2020-07-07		
24	9	7.948	2.425	4.979	1.304	1.848	1.661	0.34375	15:45	2020-07-07		
61	58	9.835	2.861	6.537	1.079	1.516	1.322	0.443935927	16:20	2020-07-07		
62	58	9.999	2.657	6.769	1.087	1.66	1.391	0.469458988	16:50	2020-07-07	A lot of orange mycelium	
63	58	8.685	2.712	5.514	1.078	1.537	1.349	0.409586057	17:15	2020-07-07		
64	58	8.086	2.762	4.772	1.172	1.724	1.499	0.407608696	17:45	2020-07-07	Bag 129 punctured by soil moisture meter	
65	58	8.335	2.793	5.054	1.181	1.669	1.494	0.358606557	18:15	2020-07-07	Grey-mold	
66	58	8.19	2.72	4.913	1.105	1.662	1.483	0.321364452	18:45	2020-07-07		
7	6	9.154	3.042	5.61	1.228	1.73	1.463	0.53187251	8:45	2020-07-08		
8	6	9.559	2.954	6.137	1.079	1.547	1.288	0.553418803	9:15	2020-07-08		
9	6	10.07	3.063	6.456	1.101	1.652	1.356	0.537205082	9:45	2020-07-08	Bag 18 punctured	
10	6	12.261	3.953	7.723	1.09	1.675	1.287	0.663247863	10:15	2020-07-08	Ziploc leaked in cooler	
11	6	7.932	2.597	4.789	1.088	1.634	1.371	0.481684982	10:45	2020-07-08	Soil moisture subsample may have spilled	
12	6	11.281	3.527	7.127	1.234	1.861	1.478	0.610845295	11:00	2020-07-08		
37	24	7.035	2.268	4.204	1.171	1.734	1.495	0.424511545	11:30	2020-07-08		
38	24	8.028	2.731	4.767	1.047	1.577	1.317	0.490566038	11:45	2020-07-08		
39	24	9.232	3.057	5.639	1.207	1.743	1.448	0.550373134	12:20	2020-07-08		
40	24	9.436	3.115	5.767	0.992	1.546	1.246	0.541516245	12:45	2020-07-08		
41	24	9.423	2.955	5.971	1.239	1.736	1.459	0.557344064	13:15	2020-07-08		
42	24	8.634	2.764	5.305	1.228	1.793	1.498	0.522123894	13:45	2020-07-08	A lot of mycelium	
13	7	10.924	3.32	7.05	1.204	1.758	1.444	0.566787004	14:10	2020-07-08	Blue-grey mold and white mycelium	
14	7	10.79	3.182	7.079	1.239	1.768	1.499	0.508506616	14:45	2020-07-08	Bag 28 punctured	
15	7	9.874	2.967	6.369	1.027	1.565	1.311	0.472118959	15:10	2020-07-08		
16	7	8.59	2.527	5.498	1.146	1.711	1.503	0.368141593	15:30	2020-07-08	Blue-grey mold	
17	7	8.465	2.628	5.269	1.092	1.66	1.431	0.403169014	16:00	2020-07-08		
18	7	8.02	2.533	5.028	1.281	1.74	1.57	0.37037037	16:30	2020-07-08		
31	22	9.451	3.13	5.767	1.071	1.625	1.377	0.44765343	17:00	2020-07-08	"Bags punctured, blue-grey mold"	
32	22	11.034	3.663	6.813	1.238	1.796	1.504	0.523297491	17:30	2020-07-08	A lot of white myclelium and rhizomorphic mycelium	
33	22	9.295	3.113	5.689	1.271	1.764	1.509	0.517241379	8:40	2020-07-09		
34	22	11.334	3.886	6.893	1.378	1.933	1.649	0.511711712	9:10	2020-07-09		
35	22	9.322	3.131	5.774	1.221	1.638	1.463	0.419664269	9:40	2020-07-09		
36	22	10.684	3.451	6.654	1.159	1.738	1.456	0.487046632	10:15	2020-07-09		
49	41	7.924	2.501	4.933	1.254	1.744	1.544	0.408163265	10:50	2020-07-09		
50	41	8.066	2.592	5.05	1.13	1.554	1.402	0.358490566	11:10	2020-07-09		
51	41	9.775	3.138	6.177	1.143	1.603	1.381	0.482608696	11:50	2020-07-09		
52	41	8.96	3.02	5.438	1.211	1.713	1.509	0.406374502	12:20	2020-07-09		
53	41	10.416	3.326	6.584	1.228	1.734	1.456	0.549407115	12:50	2020-07-09		
54	41	12.513	4.348	7.672	1.063	1.556	1.262	0.596348884	13:20	2020-07-09		
67	100	7.602	2.456	4.737	1.171	1.58	1.388	0.469437653	13:50	2020-07-09	Blue-grey mold	
68	100	10.868	3.355	7.004	1.161	1.67	1.407	0.516699411	14:10	2020-07-09		
69	100	5.741	2.068	3.31	1.259	1.622	1.476	0.402203857	14:45	2020-07-09		
70	100	10.376	3.338	6.537	1.182	1.683	1.424	0.516966068	15:10	2020-07-09		
71	100	7.32	2.361	4.508	1.055	1.506	1.311	0.432372506	15:35	2020-07-09		
72	100	8.876	2.978	5.327	1.052	1.623	1.361	0.458844133	16:00	2020-07-09	A lot of mycelium	