PLOT.ID	PLOT	SITE	N.MIN	GRAV	SPEC.TOTAL.C	SPEC.TOTAL.N	SOIL.CN	SOIL.PH	LON	LAT
Plot_100-1	1	Site_100	0.5266320274064695	0.11117123381825084	17.422499999999996	1.12145	15.535690400820366	4.4	-85.48411083956569	44.34696882821979
Plot_100-2	2	Site_100	0.7647350751740051	0.13146580824213852	19.0705	1.2531999999999999	15.217443345036708	4.23	-85.48395844102245	44.34695853406452
Plot_100-3	3	Site_100	1.0272484486037496	0.13002933184642243	20.309	1.45015	14.004758128469469	4.44	-85.48402456679248	44.34687044064331
Plot_100-4	4	Site_100	0.8605032163994947	0.15437111962584096	25.705	1.8787500000000001	13.681969394544243	4.74	-85.48403334034626	44.346772923515175
Plot_100-5	5	Site_100	0.6647342550466399	0.148190989807039	27.6215	1.71265	16.12793040025691	5.18	-85.48422904052552	44.34679866420515
Plot_100-6	6	Site_100	0.5635841060637173	0.14284030209565335	22.831	1.7140499999999999	13.319914821621307	5.38	-85.48426825582916	44.346953889739154
Plot_20-1	1	Site_20	0.31304785489899145	0.20244661776732303	38.2925	1.4388999999999998	26.612342761831957	3.78	-86.0915280978813	44.19487053273245
Plot_20-2	2	Site_20	0.19662365135146512	0.1449315628513851	19.5475	0.7728	25.294384057971016	4	-86.09139229679337	44.19488510875061
Plot_20-3	3	Site_20	0.07870752320023004	0.11769463681199921	17.7925	0.6887	25.834906345288225	4.1	-86.09139568673237	44.19476620778068
Plot_20-4	4	Site_20	0.3402573482386656	0.15815481187062636	16.6045	0.6519999999999999	25.467024539877304	4.17	-86.09155284821315	44.194656186824844
Plot_20-5	5	Site_20	0.1687302424188251	0.1569654099360775	24.576500000000003	0.9851999999999999	24.94569630531872	4.12	-86.0917136711593	44.19473559247737
Plot_20-6	6	Site_20	0.17251613273483218	0.12513073003024064	19.1105	0.7261000000000001	26.31937749621264	4.05	-86.09156837299031	44.19482342153834
Plot_22-1	1	Site_22	1.1913378351991657	0.27128349475053637	67.208	5.22205	12.870041458814066	6.34	-85.70713711334635	44.37104864133188
Plot_22-2	2	Site_22	0.8428716571097618	0.2500497002021999	43.811499999999995	3.4539	12.684646341816498	5.9	-85.70704160685413	44.370976706238935
Plot_22-3	3	Site_22	0.6936548505382832	0.24869738139609	46.73550000000001	4.006950000000001	11.663609478531054	6.22	-85.70698909315628	44.37092073343303
Plot_22-4	4	Site_22	0.7341485600413531	0.19201221712593472	32.414500000000004	2.5156	12.885395134361584	5.8	-85.7070610334297	44.37082902119909
Plot_22-5	5	Site_22	0.8262951754382917	0.25270322456530947	47.800000000000004	3.83845	12.452943245320379	5.69	-85.70720174540692	44.37088223147914
Plot_22-6	6	Site_22	0.6795316103888243	0.2402620136520576	40.92	3.4608	11.823855755894591	5.63	-85.70719123655027	44.370961112186215
Plot_24-1	1	Site_24	0.7372831483711165	0.18257185972902418	25.455000000000002	1.75695	14.48817553146077	4.79	-85.75349378362428	44.222553471839745
Plot_24-2	2	Site_24	0.9343798800583764	0.17673573335691053	23.5935	1.63635	14.41837015308461	4.75	-85.75342035889494	44.222529409041094
Plot_24-3	3	Site_24	0.4695163120371465	0.167444235929722	19.299	1.34615	14.33644096125989	4.96	-85.75342160980864	44.2224540364351
Plot_24-4	4	Site_24	0.5267437266710145	0.19061377759295856	27.431	1.6420000000000001	16.705846528623628	5.29	-85.75347498247838	44.222385412906576
Plot_24-5	5	Site_24	0.43327826158087424	0.1778194936023093	23.8185	1.6465999999999998	14.465261751487917	5.65	-85.75352849277732	44.22248554121596
Plot_24-6	6	Site_24	0.604500653132952	0.17824875536301577	23.346	1.70635	13.6818354968207	5.28	-85.75353480684836	44.222523129824346
Plot_3-1	1	Site_3	0.35289866732977215	0.1464411014417728	24.313000000000002	1.0153999999999999	23.94425842032697	4.03	-86.17791408596399	44.264243844169755
Plot_3-2	2	Site_3	0.3222083173454131	0.12765429575025988	21.5545	0.845	25.508284023668644	3.97	-86.17777063491195	44.26428370342632
Plot_3-3	3	Site_3	0.1680898885185295	0.11888611799786225	18.4805	0.6833	27.04595346114445	3.87	-86.17775937431286	44.26413928036159
Plot_3-4	4	Site_3	0.22831474910561836	0.1153470968010356	16.933	0.6838	24.76308862240421	4.03	-86.17792348667264	44.26410428210203
Plot_3-5	5	Site_3	0.2778228284278699	0.14635816172621233	26.824000000000005	1.0995	24.39654388358345	3.94	-86.17811065251838	44.26414490347956
Plot_3-6	6	Site_3	0.3976042246841433	0.188954216344987	36.6095	1.1588	31.59259578874698	3.79	-86.17806475643387	44.26424309197953
Plot_31-1	1	Site_31	0.26179966242387376	0.17426269369981573	34.114	1.18595	28.765125005270036	3.88	-85.99252569181488	44.27199608996058
Plot_31-2	2	Site_31	0.2979839818649189	0.1375912635174696	21.399999999999995	0.8052999999999999	26.573947597168754	4.01	-85.99238969239182	44.272005599684114
Plot_31-3	3	Site_31	0.4054379676103518	0.14640825704091454	25.604000000000003	0.96095	26.644466413445027	3.93	-85.99243982270454	44.27191150250995
Plot_31-4	4	Site_31	0.27555035723725585	0.1523413316518275	25.176	0.9851999999999999	25.554202192448233	3.9	-85.99250777735651	44.27182919594669
Plot_31-5	5	Site_31	0.20295991457920548	0.1701285674713393	27.940500000000004	1.0294500000000002	27.141191898586627	3.9	-85.99264888303969	44.27187941713579
Plot_31-6	6	Site_31	0.25908267905165033	0.1353652959874976	21.226000000000003	0.8892	23.870895186684663	4.26	-85.9926787077295	44.272003787461855
Plot_50-1	1	Site_50	0.34397994315837893	0.13099330096255501	20.7705	0.85005	24.434445032645137	4.4	-86.083687788124	44.25664578565876
Plot_50-2	2	Site_50	0.18336954405086234	0.16449561286934544	29.71	1.1572	25.674040788109227	4.05	-86.08355979723403	44.25665988618255
Plot_50-3	3	Site_50	0.1462366841978405	0.22871216961186824	59.468999999999994	1.7385499999999998	34.20609128296569	3.67	-86.08354684398304	44.256599999918464
Plot_50-4	4	Site_50	0.24549673871586133	0.12431981560309055	22.909	0.9019	25.400820490076498	3.94	-86.083690369178	44.25645519627137
Plot_50-5	5	Site_50	0.32673335992736174	0.13726378554252572	24.35	0.9615000000000001	25.325013000520016	3.93	-86.08375254947597	44.25657573747715
Plot_50-6	6	Site_50	0.1651718623516929	0.1302806665470138	23.466	0.84495	27.77205751819634	4.13	-86.08380583131311	44.25665938293787
Plot_58-1	1	Site_58	0.22628978322884735	0.12537989502754068	18.791999999999998	0.8535000000000001	22.01757469244288	4.2	-85.89663487893382	44.31024844563089
Plot_58-2	2	Site_58	0.28133843264203584	0.1094681143078806	14.7005	0.73105	20.108747691676356	4.37	-85.89653825470057	44.31013125759591
Plot_58-3	3	Site_58	0.3033441222380441	0.11608152617011366	16.4565	0.7664	21.472468684759914	4.46	-85.8964924609571	44.31006957341695
Plot_58-4	4	Site_58	0.3336681376500631	0.12099323493834456	16.9115	0.8013	21.105079246224882	4.44	-85.89658333333334	44.31001990518006
Plot_58-5	5	Site_58	0.31420513461746813	0.11130061350498086	15.973	0.7517499999999999	21.24775523777852	4.61	-85.89665714172286	44.31006940195518
Plot_58-6	6	Site_58	0.29067347531195586	0.10516122791331864	13.828	0.67145	20.594236354158912	4.31	-85.89674174049652	44.31014139875063
Plot_6-1	1	Site_6	0.3019163776097977	0.190402906286516	22.259	1.4864	14.975107642626483	5.09	-85.66858088910445	44.21949180405523
Plot_6-2	2	Site_6	0.4934859516788393	0.16052527500373262	18.7675	1.1804999999999999	15.897924608216856	4.63	-85.66846134703063	44.219528093643014
Plot_6-3	3	Site_6	0.5695178748343716	0.18792215633335138	26.105	1.7736	14.718651330626976	5.13	-85.6685084787153	44.21944156434106
Plot_6-4	4	Site_6	0.3549480295076089	0.1623858690389582	18.935	1.351	14.015544041450777	5.23	-85.66856313052845	44.21936328771723
Plot_6-5	5	Site_6	0.35908201345654883	0.16910914842040092	20.164	1.3639499999999998	14.78353312071557	5.07	-85.66872050485667	44.21937784382568
Plot_6-6	6	Site_6	0.4097822802565465	0.21506555498340174	24.0835	1.63205	14.756594467081278	5.05	-85.66872586920432	44.219521169568935
Plot_7-1	1	Site_7	0.37972335915409855	0.11179590343125698	17.233	0.9475	18.187862796833773	4.11	-85.67723552179689	44.19285312394917
Plot_7-2	2	Site_7	0.5149519536022851	0.12091679222130175	17.8625	1.0419	17.144159708225356	4.22	-85.67702540705467	44.192883311038806
Plot_7-3	3	Site_7	0.3021142664234233	0.11457167017286907	15.795	0.9792999999999998	16.128867558460126	4.26	-85.67711726807192	44.19274530776874
Plot_7-4	4	Site_7	0.4349438960937248	0.1268517756503882	18.3585	1.12905	16.26013019795403	4.31	-85.67722190511549	44.192675403878155
Plot_7-5	5	Site_7	0.3754111399860767	0.13856679970636948	20.719500000000004	1.2850000000000001	16.12412451361868	4.31	-85.67740858705083	44.19270036419319
Plot_7-6	6	Site_7	0.4538252575120848	0.12033084459794527	16.2745	1.01585	16.020573903627508	4.35	-85.67729468240474	44.192811933448
Plot_9-1	1	Site_9	0.0500725445119634	0.14274593980723765	24.682500000000005	1.0999	22.440676425129556	3.98	-85.9770859363654	44.32053684715283
Plot_9-2	2	Site_9	0.606846579479059	0.22177297642888372	26.3455	1.2465	21.135579622944245	4.72	-85.97697970898929	44.32056036945502
Plot_9-3	3	Site_9	0.4208839237584784	0.12325458458206272	20.8615	0.8882500000000001	23.486068111455108	4.15	-85.97699035138544	44.32045636341439
Plot_9-4	4	Site_9	0.27159844861854354	0.13336995029896087	19.767500000000002	0.8629500000000001	22.906889159279213	4.11	-85.97707418132435	44.32035796373141
Plot_9-5	5	Site_9	0.3965470533045632	0.14760242421490757	25.304000000000002	1.13735	22.248208554974283	4.35	-85.97715190752817	44.32046344302545
Plot_9-6	6	Site_9	0.4144679653590902	0.12744550263880772	20.008	1.01555	19.701639505686572	4.48	-85.9772286760469	44.320534224746176
