SAMPLE	PICKED	DATE.PICKED	OVEN.IN	OVEN.OUT.DATE	OVEN.OUT.TIME	TIN.MASS	TIN.DRY.ROOT.MASS	DRY.ROOT.MASS	ORDER.1	ORDER.2	ORDER.3	ORDER.4	ORDER.5	ORDER.6
3_1_4	1							4.3						
3_1_8	1	43334	0.5	43336	0.5	5.888	7.851	1.963	5	5	5	5	5	4
3_1_2	1	43334	0.5	43336	0.5	11.9	15.726	3.826						
3_1_6	1	43334	0.5	43336	0.5	6.094	8.197	2.103						
3_1_10	1	43334	0.5	43336	0.5	5.978	8.763	2.785						
3_1_R	1	43334												
3_2_10	1	43321	0.541666667	43323		5.796	7.57	1.774	4	4	5	5	5	
3_2_2	1	43321	0.541666667	43323		5.947	9.132	3.185						
3_2_4	1	43321	0.541666667	43323		6.103	9.125	3.022						
3_2_6	1	43321	0.541666667	43323		5.843	10.702	4.859						
3_2_8	1	43321	0.541666667	43323		5.926	8.759	2.833						
3_2_R	1	43321												
3_3_4	1							4.28						
3_3_1	1	43332	0.5	43334	0.5	5.876	11.095	5.219	5	4	5	5	5	
3_3_6	1	43332	0.5	43334	0.5	5.972	9.947	3.975						
3_3_8	1	43332	0.5	43334	0.5	5.883	9.152	3.269						
3_3_10	1	43332	0.5	43334	0.5	5.814	11.287	5.473						
3_3_R	1	43332												
3_4_6	1	43327	0.5	43329	0.5	5.873	9.366	3.493	4	5	5	5	5	
3_4_4	1	43327	0.5	43329	0.5	5.886	9.926	4.04						
3_4_8	1	43327	0.5	43329	0.5	5.899	10.111	4.212						
3_4_9	1	43327												
3_4_2	1	43327	0.5	43329	0.5	5.91	10.562	4.652						
3_4_10	1	43327	0.5	43329	0.5	5.779	11.606	5.827						
3_4_R	1	43327												
3_5_8	1	43312	0.583333333	43314	0.541666667	5.775	9.066	3.291	5	5	5	5	5	
3_5_6	1	43312	0.583333333	43314	0.541666667	5.89	11.388	5.498						
3_5_2	1	43312	0.583333333	43314	0.541666667	5.696	9.937	4.241						
3_5_4	1	43312	0.583333333	43314	0.541666667	6.052	10.374	4.322						
3_5_10	1	43312	0.583333333	43314	0.541666667	5.935	9.946	4.011						
3_5_R	1	43312												
6_1_7	1	43325	0.666666667	43327	0.625	5.862	7.192	1.33	4	5	5	5	5	
6_1_10	1	43325	0.666666667	43327	0.625	5.866	7.746	1.88						
6_1_6	1	43325	0.666666667	43327	0.625	5.832	7.719	1.887						
6_1_2	1	43325	0.666666667	43327	0.625	5.915	7.802	1.887						
6_1_4	1	43325	0.666666667	43327	0.625	6.072	8.127	2.055						
6_1_R	1	43325												
6_2_10	1	43309	0.6875	43311	0.708333333	5.981	7.376	1.395	4	5	5	4	4	
6_2_4	1	43316	0.708333333	43318	0.708333333	5.991	6.801	0.81	4	4	4	5	5	
6_2_8	1	43316	0.708333333	43318	0.708333333	5.98	7.705	1.725						
6_2_6	1	43316	0.708333333	43318	0.708333333	5.982	7.335	1.353						
6_2_2	1	43316	0.708333333	43318	0.708333333	5.915	6.766	0.851						
6_2_R	1	43316												
6_3_10	1	43324	0.645833333	43326	0.645833333	5.866	7.22	1.354	4	4	5	5	5	5
6_3_4	1	43324	0.645833333	43326	0.645833333	5.791	6.889	1.098						
6_3_2	1	43324	0.645833333	43326	0.645833333	5.882	6.943	1.061						
6_3_8	1	43324	0.645833333	43326	0.645833333	5.893	7.489	1.596						
6_3_6	1	43324	0.645833333	43326	0.645833333	5.88	7.233	1.353						
6_3_R	1	43324												
6_4_8	1	43307	0.513888889	43309	0.541666667	6.012	7.045	1.033						
6_4_4	1	43307	0.513888889	43309	0.541666667	5.996	6.994	0.998						
6_4_3	1	43307	0.513888889	43309	0.541666667	5.949	6.988	1.039						
6_4_1	1	43307	0.513888889	43309	0.541666667	5.962	6.91	0.948						
6_4_6	1	43307	0.513888889	43309	0.541666667	5.06	6.83	1.77						
6_4_10	1	43307												
6_4_R	1	43307												
6_5_6	1	43304	0.618055556	43306	0.708333333	5.897	7.313	1.416						
6_5_1	1	43329	0.625	43331	0.708333333	6.126	7.257	1.131	4	5	5	5	5	
6_5_3	1	43329	0.625	43331	0.708333333	12.006	12.994	0.988						
6_5_8	1	43329	0.625	43331	0.708333333	5.847	7.712	1.865						
6_5_10	1	43329	0.625	43331	0.708333333	5.867	6.713	0.846						
6_5_R	1	43329												
7_1_1	1	43333	0.666666667	43335	0.708333333	5.817	7.988	2.171	5	5	5	5	5	
7_1_8	1	43333	0.666666667	43335	0.708333333	6.007	9.266	3.259						
7_1_4	1	43333	0.666666667	43335	0.708333333	6.094	9.407	3.313						
7_1_2	1	43333	0.666666667	43335	0.708333333	5.795	7.938	2.143						
7_1_6	1	43333	0.666666667	43335	0.708333333	5.781	9.293	3.512						
7_1_R	1	43333												
7_2_4	1	43317	0.708333333	43319	0.708333333	5.825	8.164	2.339	4	4	5	5	5	
7_2_8	1	43317	0.708333333	43319	0.708333333	5.99	8.032	2.042						
7_2_6	1	43317	0.708333333	43319	0.708333333	11.904	14.931	3.027						
7_2_2	1	43317	0.708333333	43319	0.708333333	5.94	9.282	3.342						
7_2_10	1	43317	0.708333333	43319	0.708333333	5.883	8.93	3.047						
7_2_R	1	43317												
7_3_10	1	43301		43303	0.694444444			2.908						
7_3_8	1	43321	0.645833333	43323	0.625	5.899	9.957	4.058	4	4	5	5	5	
7_3_4	1	43321	0.645833333	43323	0.625	5.877	8.427	2.55						
7_3_6	1	43321	0.645833333	43323	0.625	5.95	8.026	2.076						
7_3_2	1	43321	0.645833333	43323	0.625	5.897	8.454	2.557						
7_3_R	1	43321												
7_4_8	1	43332	0.625	43334	0.625	6.027	9.162	3.135	4	4	5	5	5	5
7_4_2	1	43317	0.791666667	43319	0.75	5.821	7.89	2.069						
7_4_10	1	43332	0.625	43334	0.625	5.973	8.63	2.657						
7_4_4	1	43332	0.625	43334	0.625	5.96	8.215	2.255						
7_4_6	1	43332	0.625	43334	0.625	5.939	10.122	4.183						
7_4_R	1	43332	0.625											
7_5_3	1	43335	0.708333333	43337	0.583333333	5.791	9.209	3.418	5	5	5	4	5	
7_5_4	1	43335	0.708333333	43337	0.583333333	5.915	8.444	2.529						
7_5_10	1	43335	0.708333333	43337	0.583333333	5.905	8.27	2.365						
7_5_8	1	43335	0.708333333	43337	0.583333333	5.939	8.131	2.192						
7_5_2	1	43335	0.708333333	43337	0.583333333	5.948	7.312	1.364						
7_5_R	1	43335												
9_1_9	1	43311	0.75	43313	0.75	5.761	7.21	1.449	4	5	5	5	5	
9_1_4	1	43311	0.75	43313	0.75	5.862	7.73	1.868						
9_1_8	1	43311	0.75	43313	0.75	5.992	7.878	1.886						
9_1_2	1	43311	0.75	43313	0.75	5.942	7.484	1.542						
9_1_10	1	43311	0.75	43313	0.75	5.785	8.274	2.489						
9_1_R	1	43311												
9_2_1	1	43339	0.6875	43341	0.6875	5.914	8.431	2.517	5	5	5	4	5	
9_2_10	1	43339	0.6875	43341	0.6875	5.905	8.929	3.024						
9_2_6	1	43339	0.6875	43341	0.6875	5.913	9.23	3.317						
9_2_7	1	43339	0.6875	43341	0.6875	5.945	8.369	2.424						
9_2_2	1	43339	0.6875	43341	0.6875	5.783	8.649	2.866						
9_2_R	1	43339												
9_3_4	1	43329	0.5	43331	0.708333333	6.069	7.854	1.785	4	5	4	4	5	
9_3_2	1	43329	0.5	43331	0.708333333	5.912	8.083	2.171						
9_3_6	1	43329	0.5	43331	0.708333333	5.832	7.611	1.779						
9_3_8	1	43329	0.5	43331	0.708333333	5.864	7.976	2.112						
9_3_10	1	43329	0.5	43331	0.708333333	5.908	8.307	2.399						
9_3_R	1	43329												
9_4_7	1	43315	0.75	43317	0.75	5.938	9.151	3.213	4	5	5	5	5	
9_4_10	1	43315	0.75	43317	0.75	6.183	9.142	2.959						
9_4_2	1	43315	0.75	43317	0.75	6.017	9.19	3.173						
9_4_4	1	43315	0.75	43317	0.75	5.797	9.335	3.538						
9_4_6	1	43315	0.75	43317	0.75	6.041	8.43	2.389						
9_4_R	1	43315												
9_5_4	1	43334	0.666666667	43336	0.666666667	5.948	9.524	3.576	5	5	4	4	5	5
9_5_7	1	43334	0.666666667	43336	0.666666667	5.822	8.11	2.288						
9_5_6	1	43334	0.666666667	43336	0.666666667	5.913	7.716	1.803						
9_5_10	1	43334	0.666666667	43336	0.666666667	5.953	8.147	2.194						
9_5_3	1	43334	0.666666667	43336	0.666666667	5.874	8.379	2.505						
9_5_2	1	43334												
9_5_R	1	43334												
20_1_1	1	43340	0.5	43342	0.625	5.891	8.369	2.478	5	5	5	5	5	
20_1_9	1	43340	0.5	43342	0.625	6.091	9.572	3.481						
20_1_5	1	43340	0.5	43342	0.625	5.867	8.773	2.906						
20_1_8	1	43340	0.5	43342	0.625	5.819	8.67	2.851						
20_1_10	1	43340	0.5	43342	0.625	5.937	8.045	2.108						
20_1_R	1	43340												
20_2_6	1	43341	0.458333333	43343	0.458333333	6.084	8.968	2.884	5	4	4	4	4	
20_2_2	1	43341	0.458333333	43343	0.458333333	5.828	8.341	2.513						
20_2_8	1	43341	0.458333333	43343	0.458333333	5.87	8.073	2.203						
20_2_10	1	43341	0.458333333	43343	0.458333333	5.785	7.679	1.894						
20_2_4	1	43341	0.458333333	43343	0.458333333	6.002	8.178	2.176						
20_2_R	1	43341												
20_3_6	1	43319	0.583333333	43321	0.583333333	5.989	9.317	3.328	4	5	5	5	5	4
20_3_10	1	43319	0.583333333	43321	0.583333333	5.846	9.946	4.1						
20_3_9	1	43319	0.583333333	43321	0.583333333	5.873	9.035	3.162						
20_3_4	1	43319	0.583333333	43321	0.583333333	5.86	8.22	2.36						
20_3_2	1	43319	0.583333333	43321	0.583333333	5.989	8.385	2.396						
20_3_R	1	43319												
20_4_4	1	43303	0.695138889	43305	0.694444444	5.81	10.518	4.708						
20_4_8	1							3.73						
20_4_6	1	43328	0.645833333	43330	0.666666667	5.945	11.648	5.703	5	5	5	5	5	
20_4_10	1	43328	0.645833333	43330	0.666666667	6.057	12.254	6.197						
20_4_2	1	43328	0.645833333	43330	0.666666667	6.062	8.989	2.927						
20_4_R	1	43328												
20_5_2	1	43320	0.541666667	43322	0.583333333	5.784	9.774	3.99	5	5	4	5	5	
20_5_9	1	43320	0.541666667	43322	0.583333333	5.877	9.539	3.662						
20_5_6	1	43320	0.541666667	43322	0.583333333	5.976	9.501	3.525						
20_5_4	1	43320	0.541666667	43322	0.583333333	5.942	9.011	3.069						
20_5_8	1	43320	0.541666667	43322	0.583333333	11.873	14.778	2.905						
20_5_R	1	43320												
22_1_2	1	43320	0.708333333	43322	0.625	5.932	7.751	1.819	4	5	5	4	5	
22_1_10	1	43320	0.708333333	43322	0.625	5.908	7.228	1.32						
22_1_4	1	43320	0.708333333	43322	0.625	5.992	7.925	1.933						
22_1_6	1	43320	0.708333333	43322	0.625	6.023	7.041	1.018						
22_1_8	1	43320	0.708333333	43322	0.625	6.114	6.84	0.726						
22_1_R	1	43320												
22_2_8	1	43313	0.520833333	43315	0.541666667	5.785	7.482	1.697	4	4	5	5	5	
22_2_6	1	43313	0.520833333	43315	0.541666667	5.756	7.309	1.553						
22_2_10	1	43313	0.520833333	43315	0.541666667	5.915	7.161	1.246						
22_2_2	1	43313	0.520833333	43315	0.541666667	5.777	7.561	1.784						
22_2_4	1	43313	0.520833333	43315	0.541666667	5.917	7.091	1.174						
22_2_R	1	43313												
22_3_2	1							1.37						
22_3_6	1	43332	0.75	43334	0.666666667	5.907	8.051	2.144	5	5	5	5	5	
22_3_4	1	43332	0.75	43334	0.666666667	5.844	8.799	2.955						
22_3_8	1	43332	0.75	43334	0.666666667	5.908	8.743	2.835						
22_3_10	1	43332	0.75	43334	0.666666667	5.881	8.868	2.987						
22_3_R	1	43332												
22_4_6	1	43333	0.75	43335	0.708333333	5.867	8.206	2.339	4	4	4	4	5	5
22_4_8	1	43333	0.75	43335	0.708333333	5.739	9.08	3.341						
22_4_4	1	43333	0.75	43335	0.708333333	5.843	7.12	1.277						
22_4_10	1	43333	0.75	43335	0.708333333	6.012	8.544	2.532						
22_4_2	1	43333	0.75	43335	0.708333333	5.939	7.806	1.867						
22_4_R	1	43333												
22_5_2	1	43311	0.541666667	43313	0.541666667	5.913	7.621	1.708	4	5	5	5	5	
22_5_6	1	43311	0.541666667	43313	0.541666667	5.8	7.358	1.558						
22_5_8	1	43311	0.541666667	43313	0.541666667	5.981	7.648	1.667						
22_5_10	1	43311	0.541666667	43313	0.541666667	5.939	7.996	2.057						
22_5_4	1	43311	0.541666667	43313	0.541666667	5.945	8.571	2.626						
22_5_4_B	1	43339	0.729166667	43341	0.6875	5.871	7.308	1.437						
22_5_R	1	43311												
24_1_2	1	43314	0.541666667	43316	0.541666667	5.95	7.005	1.055	4	4	4	4	5	
24_1_8	1	43314	0.541666667	43316	0.541666667	6.106	7.125	1.019						
24_1_6	1	43314	0.541666667	43316	0.541666667	6.03	7.357	1.327						
24_1_4	1	43314	0.541666667	43316	0.541666667	6.078	7.362	1.284						
24_1_10	1	43314	0.541666667	43316	0.541666667	6.065	7.347	1.282						
24_1_R	1	43314												
24_2_4	1	43323	0.625	43325	0.625	5.989	7.184	1.195						
24_2_2	1	43323	0.625	43325	0.625	5.781	7.206	1.425						
24_2_8	1	43323	0.625	43325	0.625	5.995	7.503	1.508						
24_2_6	1	43323	0.625	43325	0.625	5.832	7.786	1.954						
24_2_10	1							1.16						
24_2_R	1	43323												
24_3_6	1	43329	0.75	43331	0.708333333	5.912	7.473	1.561	5	5	5	5	5	
24_3_2	1	43329	0.75	43331	0.708333333	5.99	7.719	1.729						
24_3_10	1	43329	0.75	43331	0.708333333	5.88	7.512	1.632						
24_3_4	1	43329	0.75	43331	0.708333333	6.082	7.813	1.731						
24_3_8	1	43329	0.75	43331	0.708333333	5.907	7.373	1.466						
24_3_R	1	43329												
24_4_2	1	43314	0.6875	43316	0.708333333	5.911	6.745	0.834	5	5	5	5	5	
24_4_4	1	43314	0.6875	43316	0.708333333	5.971	6.96	0.989						
24_4_10	1	43314	0.6875	43316	0.708333333	6.122	7.393	1.271						
24_4_8	1	43314	0.6875	43316	0.708333333	5.837	6.675	0.838						
24_4_6	1	43314	0.6875	43316	0.708333333	6.021	7.198	1.177						
24_4_R	1	43314												
24_5_6	1	43325	0.770833333	43327	0.708333333	6.078	7.226	1.148	4	5	5	5	4	5
24_5_2	1	43325	0.770833333	43327	0.708333333	5.939	6.818	0.879						
24_5_8	1	43325	0.770833333	43327	0.708333333	5.83	7.005	1.175						
24_5_4	1	43325	0.770833333	43327	0.708333333	5.926	7.051	1.125						
24_5_10	1	43325	0.770833333	43327	0.708333333	5.932	7.276	1.344						
24_5_R	1	43325												
31_1_6	1	43325	0.541666667	43327	0.541666667	5.967	8.2	2.233	4	4	5	5	5	5
31_1_8	1	43325	0.541666667	43327	0.541666667	5.785	9.358	3.573						
31_1_2	1	43325	0.541666667	43327	0.541666667	5.761	9.802	4.041						
31_1_10	1	43325	0.541666667	43327	0.541666667	5.867	9.826	3.959						
31_1_4	1	43325	0.541666667	43327	0.541666667	5.733	10.322	4.589						
31_1_R	1	43325												
31_2_2	1	43335	0.541666667	43337	0.583333333	5.82	9.426	3.606	5	5	5	5	5	
31_2_6	1	43335	0.541666667	43337	0.583333333	5.892	10.523	4.631						
31_2_4	1	43335	0.541666667	43337	0.583333333	5.89	9.775	3.885						
31_2_10	1	43335	0.541666667	43337	0.583333333	5.937	9.923	3.986						
31_2_8	1	43335	0.541666667	43337	0.583333333	5.87	11.151	5.281						
31_2_R	1	43335												
31_3_10	1	43341	0.5625	43343	0.520833333	5.819	8.668	2.849	5	5	4	5	5	
31_3_8	1	43341	0.5625	43343	0.520833333	11.901	13.694	1.793						
31_3_2	1	43341	0.5625	43343	0.520833333	5.768	8.182	2.414						
31_3_6	1	43341	0.5625	43343	0.520833333	5.979	8.85	2.871						
31_3_4	1	43341	0.5625	43343	0.520833333	5.996	7.553	1.557						
31_3_R	1	43341												
31_4_4	1	43308	0.84375	43310	0.697916667	6.245	8.725	2.48	4	5	4	5	5	
31_4_2	1	43308	0.84375	43310	0.697916667	6.064	8.843	2.779						
31_4_6	1	43308	0.84375	43310	0.697916667	6.093	8.789	2.696						
31_4_8	1	43308	0.84375	43310	0.697916667	6.058	9.315	3.257						
31_4_10	1	43308	0.84375	43310	0.697916667	5.771	7.89	2.119						
31_4_R	1	43308												
31_5_2	1	43318	0.791666667	43320	0.708333333	5.828	9.2	3.372	4	4	5	5	5	
31_5_8	1	43318	0.791666667	43320	0.708333333	6.082	8.379	2.297						
31_5_10	1	43318	0.791666667	43320	0.708333333	5.97	9.368	3.398						
31_5_4	1	43318	0.791666667	43320	0.708333333	5.937	8.476	2.539						
31_5_6	1	43318	0.791666667	43320	0.708333333	5.782	8.853	3.071						
31_5_R	1	43318												
41_1_10	1	43326	0.625	43328	0.625	11.891	12.938	1.047	5	5	5	5	5	
41_1_2	1	43326	0.625	43328	0.625	5.796	7.508	1.712						
41_1_4	1	43326	0.625	43328	0.625	5.998	7.272	1.274						
41_1_6	1	43326	0.625	43328	0.625	5.99	7.099	1.109						
41_1_8	1	43326	0.625	43328	0.625	5.755	6.948	1.193						
41_1_R	1	43326												
41_2_8	1	43313	0.75	43315	0.708333333	5.889	7.912	2.023	4	4	5	5	4	
41_2_2	1	43313	0.75	43315	0.708333333	11.904	13.994	2.09						
41_2_10	1	43313	0.75	43315	0.708333333	5.862	7.493	1.631						
41_2_4	1	43313	0.75	43315	0.708333333	6.07	7.954	1.884						
41_2_6	1	43313	0.75	43315	0.708333333	6.035	7.341	1.306						
41_2_R	1	43313												
41_3_4	1	43304				6.382	8.551	2.169						
41_3_1	1	43319	0.833333333	43321	0.75	5.995	7.916	1.921	4	5	5	5	5	
41_3_2	1	43319	0.833333333	43321	0.75	6.099	7.763	1.664						
41_3_8	1	43319	0.833333333	43321	0.75	5.959	7.968	2.009						
41_3_6	1	43319	0.833333333	43321	0.75	6.115	7.908	1.793						
41_3_R	1	43319												
41_4_6	1	43319	0.708333333	43321	0.708333333	6.053	7.105	1.052	4	3	3	5	5	5
41_4_4	1	43319	0.708333333	43321	0.708333333	6.31	7.91	1.6						
41_4_10	1	43319	0.708333333	43321	0.708333333	6.14	7.504	1.364						
41_4_2	1	43319	0.708333333	43321	0.708333333	6.151	8.001	1.85						
41_4_8	1	43319	0.708333333	43321	0.708333333	5.893	7.416	1.523						
41_4_R	1	43319												
41_5_6	1	43306	0.638888889	43308	0.666666667	6.082	8.189	2.107	4	3	3	5	5	
41_5_10	1	43306	0.638888889	43308	0.666666667	6.462	8.389	1.927						
41_5_8	1	43306	0.638888889	43308	0.666666667	6.111	8.008	1.897						
41_5_2	1	43306	0.638888889	43308	0.666666667	6.099	8.188	2.089						
41_5_4	1	43306	0.638888889	43308	0.666666667	6.074	8.656	2.582						
41_5_R	1	43306												
50_1_2	1	43326	0.541666667	43328	0.5	5.807	8.33	2.523	4	4	4	4	5	
50_1_8	1	43326	0.541666667	43328	0.5	5.995	10.776	4.781						
50_1_3	1	43326	0.541666667	43328	0.5	5.952	9.599	3.647						
50_1_9	1	43326	0.541666667	43328	0.5	5.866	10.29	4.424						
50_1_6	1	43326	0.541666667	43328	0.5	5.931	9.639	3.708						
50_1_4	1	43326												
50_1_R	1	43326												
50_2_8	1	43339	0.541666667	43341	0.458333333	6.014	9.736	3.722	5	4	5	5	5	
50_2_10	1	43339	0.541666667	43341	0.458333333	5.844	7.902	2.058						
50_2_2	1	43339	0.541666667	43341	0.458333333	5.789	8.454	2.665						
50_2_3	1	43339	0.541666667	43341	0.458333333	5.938	9.282	3.344						
50_2_4	1	43339	0.541666667	43341	0.458333333	5.739	9.154	3.415						
50_2_R	1	43339												
50_3_2	1	43322	0.541666667	43324	0.541666667	5.945	8.693	2.748	4	4	4	5	5	
50_3_6	1	43322	0.541666667	43324	0.541666667	5.933	9.081	3.148						
50_3_5	1	43322	0.541666667	43324	0.541666667	5.901	9.884	3.983						
50_3_7	1	43322	0.541666667	43324	0.541666667	5.91	11.228	5.318						
50_3_10	1	43322	0.541666667	43324	0.541666667	6.077	10.448	4.371						
50_3_R	1	43322												
50_4_4	1	43315	0.583333333	43317	0.583333333	5.998	10.167	4.169	5	5	4	5	5	
50_4_6	1	43315	0.583333333	43317	0.583333333	5.995	11.284	5.289						
50_4_5	1	43315	0.583333333	43317	0.583333333	6.07	10.094	4.024						
50_4_9	1	43315	0.583333333	43317	0.583333333	6.265	10.266	4.001						
50_4_8	1	43315	0.583333333	43317	0.583333333	5.958	11.687	5.729						
50_4_R	1	43315												
50_5_10	1							2.4						
50_5_8	1	43328	0.5	43330	0.5	6.075	11.615	5.54	4	4	5	5	5	
50_5_4	1	43328	0.5	43330	0.5	6.049	9.231	3.182						
50_5_2	1	43328	0.5	43330	0.5	5.953	9.283	3.33						
50_5_6	1	43328	0.5	43330	0.5	6.207	9.926	3.719						
50_5_R	1	43328												
58_1_9	1	43333	0.541666667	43335	0.541666667	5.931	8.429	2.498	5	5	5	5	5	
58_1_1	1	43333	0.541666667	43335	0.541666667	5.808	10.189	4.381						
58_1_6	1	43333	0.541666667	43335	0.541666667	5.93	9.53	3.6						
58_1_2	1	43333	0.541666667	43335	0.541666667	5.906	8.717	2.811						
58_1_8	1	43333	0.541666667	43335	0.541666667	5.941	9.086	3.145						
58_1_R	1	43333												
58_2_10	1	43336	0.5625	43338	0.583333333	5.813	10.217	4.404	5	5	4	5	5	5
58_2_8	1	43336	0.5625	43338	0.583333333	6.003	9.486	3.483						
58_2_5	1	43336	0.5625	43338	0.583333333	6.089	9.103	3.014						
58_2_2	1	43336	0.5625	43338	0.583333333	5.78	10.668	4.888						
58_2_4	1	43336	0.5625	43338	0.583333333	6.024	9.02	2.996						
58_2_6	1	43336												
58_2_R	1	43336												
58_3_8	1	43312	0.791666667	43314	0.75	5.87	8.817	2.947	5	5	5	5	5	
58_3_6	1	43312	0.791666667	43314	0.75	5.84	8.651	2.811						
58_3_4	1	43312	0.791666667	43314	0.75	6.139	7.851	1.712						
58_3_2	1	43312	0.791666667	43314	0.75	5.873	8.501	2.628						
58_3_10	1	43312	0.791666667	43314	0.75	5.94	8.535	2.595						
58_3_R	1	43312												
58_4_6	1	43340	0.604166667	43342	0.625	5.953	7.596	1.643	5	5	5	5	5	
58_4_4	1	43340	0.604166667	43342	0.625	5.875	7.385	1.51						
58_4_8	1	43340	0.604166667	43342	0.625	5.957	7.631	1.674						
58_4_10	1	43340	0.604166667	43342	0.625	5.939	7.722	1.783						
58_4_2	1	43340	0.604166667	43342	0.625	5.889	7.709	1.82						
58_4_R	1	43340												
58_5_6	1	43307	0.791666667	43309	0.708333333	5.954	8.107	2.153	5	4	3	5	5	4
58_5_8	1	43307	0.791666667	43309	0.708333333	5.872	8.73	2.858						
58_5_10	1	43307	0.791666667	43309	0.708333333	5.838	7.876	2.038						
58_5_2	1	43307	0.791666667	43309	0.708333333	6.021	8.251	2.23						
58_5_4	1	43307	0.791666667	43309	0.708333333	5.939	8.484	2.545						
58_5_R	1	43307												
100_1_8	1	43336	0.75	43338	0.6875	5.887	8.385	2.498	5	5	5	5	5	
100_1_10	1	43336	0.75	43338	0.6875	5.977	7.739	1.762						
100_1_2	1	43336	0.75	43338	0.6875	5.82	8.323	2.503						
100_1_4	1	43336	0.75	43338	0.6875	11.897	14.532	2.635						
100_1_6	1	43336	0.75	43338	0.6875	6.092	8.743	2.651						
100_1_R	1	43336												
100_2_6	1	43318	0.583333333	43320	0.583333333	5.794	7.69	1.896	5	5	5	5	5	
100_2_8	1	43318	0.583333333	43320	0.583333333	5.897	7.482	1.585						
100_2_2	1	43318	0.583333333	43320	0.583333333	5.861	7.704	1.843						
100_2_10	1	43318	0.583333333	43320	0.583333333	6.001	8.428	2.427						
100_2_4	1	43318	0.583333333	43320	0.583333333	5.79	7.211	1.421						
100_2_R	1	43318												
100_3_10	1	43328	0.75	43330	0.6875	6.001	6.992	0.991	5	5	5	5	5	
100_3_2	1	43328	0.75	43330	0.6875	5.918	7.109	1.191						
100_3_6	1	43328	0.75	43330	0.6875	6.056	8.492	2.436						
100_3_8	1	43328	0.75	43330	0.6875	6.093	8.055	1.962						
100_3_4	1	43328	0.75	43330	0.6875	6.093	8.049	1.956						
100_3_R	1	43328												
100_4_8	1	43308	0.591666667	43310	0.697916667	6.043	8.679	2.636	3	4	4	5	5	
100_4_10	1	43308	0.591666667	43310	0.697916667	6.134	8.236	2.102						
100_4_6	1	43308	0.591666667	43310	0.697916667	6.018	8.45	2.432						
100_4_2	1	43308	0.591666667	43310	0.697916667	5.976	7.298	1.322						
100_4_4	1	43308	0.591666667	43310	0.697916667	6.058	7.313	1.255						
100_4_R	1	43308												
100_5_10	1							1.8						
100_5_2	1	43321	0.75	43323	0.708333333	6.006	6.966	0.96	4	4	5	5	4	
100_5_4	1	43321	0.75	43323	0.708333333	5.808	7.577	1.769						
100_5_8	1	43321	0.75	43323	0.708333333	5.88	8.111	2.231						
100_5_6	1	43321	0.75	43323	0.708333333	5.734	7.679	1.945						
100_5_R	1	43321	0.75											